%YAML:1.0
---
data: !!opencv-matrix
   rows: 57
   cols: 100
   dt: f
   data: [ 0., 0., 0., 255., 255., 255., 255., 255., 0., 0., 0., 255.,
       255., 255., 255., 255., 255., 255., 255., 0., 0., 255., 255.,
       255., 204., 0., 255., 255., 255., 255., 255., 255., 255., 255.,
       0., 0., 255., 255., 255., 255., 255., 255., 255., 255., 0., 0.,
       255., 255., 255., 255., 255., 255., 255., 255., 0., 0., 255.,
       255., 255., 255., 255., 255., 255., 255., 0., 0., 255., 255.,
       255., 204., 0., 255., 255., 255., 0., 0., 255., 255., 255., 0.,
       0., 255., 255., 255., 255., 255., 255., 255., 0., 0., 0., 0., 0.,
       255., 255., 255., 255., 0., 0., 0., 255., 255., 255., 255., 255.,
       255., 255., 255., 255., 255., 255., 255., 255., 255., 255., 255.,
       255., 255., 255., 255., 0., 0., 0., 0., 0., 255., 255., 255.,
       255., 255., 0., 0., 0., 0., 255., 255., 255., 255., 255., 0., 0.,
       0., 0., 255., 255., 255., 255., 255., 0., 0., 0., 0., 0., 255.,
       255., 255., 255., 191., 0., 0., 0., 0., 191., 255., 255., 255.,
       166., 0., 0., 0., 0., 217., 255., 255., 255., 255., 0., 0., 0.,
       0., 0., 255., 255., 255., 255., 0., 0., 0., 0., 0., 255., 255.,
       255., 255., 255., 0., 0., 0., 0., 0., 0., 0., 83., 255., 255.,
       255., 255., 255., 0., 0., 0., 255., 255., 0., 0., 0., 0., 255.,
       255., 0., 128., 255., 96., 0., 0., 0., 0., 96., 255., 159., 255.,
       255., 0., 0., 0., 0., 0., 0., 255., 255., 255., 255., 0., 0., 0.,
       0., 0., 0., 255., 255., 255., 255., 0., 0., 0., 0., 0., 0., 255.,
       255., 255., 255., 0., 0., 0., 0., 0., 0., 255., 255., 0., 255.,
       191., 0., 0., 0., 0., 0., 255., 64., 0., 191., 255., 0., 0., 0.,
       0., 255., 255., 0., 0., 0., 6., 255., 255., 255., 255., 255., 0.,
       0., 0., 0., 26., 255., 255., 255., 255., 0., 0., 0., 0., 255.,
       255., 0., 0., 0., 0., 255., 229., 0., 76., 255., 0., 0., 0., 0.,
       0., 255., 255., 76., 255., 255., 0., 0., 0., 0., 0., 38., 255.,
       76., 255., 255., 0., 0., 0., 0., 0., 0., 255., 255., 255., 255.,
       0., 0., 0., 0., 0., 0., 255., 255., 255., 255., 0., 0., 0., 0.,
       0., 0., 255., 76., 76., 255., 0., 0., 0., 0., 0., 255., 255., 0.,
       0., 255., 255., 0., 0., 0., 0., 255., 229., 0., 0., 0., 140.,
       255., 255., 255., 255., 0., 0., 0., 0., 0., 0., 0., 0., 255.,
       255., 255., 255., 255., 0., 0., 127., 255., 255., 255., 255.,
       255., 255., 255., 0., 191., 128., 0., 0., 0., 191., 255., 255.,
       191., 0., 0., 0., 0., 0., 0., 255., 255., 255., 255., 0., 0., 0.,
       0., 0., 0., 255., 255., 255., 255., 0., 0., 0., 0., 0., 0., 255.,
       255., 255., 255., 0., 0., 0., 0., 0., 0., 255., 255., 255., 255.,
       0., 0., 0., 0., 0., 0., 255., 255., 255., 255., 0., 0., 0., 0.,
       0., 0., 255., 255., 255., 255., 0., 0., 0., 0., 0., 0., 255.,
       255., 255., 255., 0., 0., 255., 255., 255., 255., 255., 185., 0.,
       0., 0., 255., 255., 255., 0., 116., 255., 255., 255., 0., 178.,
       255., 255., 0., 0., 0., 0., 255., 255., 0., 255., 255., 255., 0.,
       0., 0., 0., 236., 255., 255., 255., 255., 127., 0., 0., 0., 0.,
       127., 255., 255., 255., 255., 127., 0., 0., 0., 0., 127., 255.,
       255., 255., 255., 255., 0., 0., 0., 0., 236., 255., 255., 178.,
       255., 255., 0., 0., 0., 0., 255., 255., 0., 0., 255., 255., 255.,
       0., 0., 255., 255., 255., 0., 0., 0., 185., 255., 255., 255.,
       255., 255., 0., 0., 0., 0., 102., 255., 255., 255., 255., 255.,
       255., 41., 255., 255., 255., 255., 255., 255., 255., 255., 255.,
       102., 0., 0., 0., 204., 255., 255., 255., 255., 255., 102., 0.,
       0., 0., 204., 255., 255., 255., 255., 255., 102., 0., 0., 0.,
       204., 255., 255., 255., 255., 255., 102., 0., 0., 0., 204., 255.,
       255., 255., 255., 255., 102., 0., 0., 0., 204., 255., 255., 255.,
       255., 255., 102., 0., 0., 0., 204., 255., 255., 255., 255., 255.,
       102., 0., 0., 0., 204., 255., 255., 255., 255., 255., 102., 0.,
       0., 0., 204., 255., 255., 255., 255., 255., 255., 0., 0., 105.,
       255., 255., 255., 255., 0., 0., 0., 0., 255., 255., 255., 255.,
       255., 255., 255., 255., 0., 191., 255., 255., 207., 0., 0., 112.,
       255., 255., 143., 255., 255., 255., 0., 0., 0., 0., 255., 255.,
       255., 255., 255., 255., 0., 0., 0., 0., 64., 255., 255., 255.,
       255., 255., 0., 0., 0., 0., 0., 255., 255., 255., 255., 255., 0.,
       0., 0., 0., 255., 255., 255., 191., 255., 255., 207., 0., 0., 64.,
       255., 255., 239., 0., 255., 255., 255., 255., 255., 255., 255.,
       255., 0., 0., 0., 0., 255., 255., 255., 255., 0., 0., 0., 0., 0.,
       255., 255., 255., 255., 255., 255., 0., 0., 0., 255., 255., 255.,
       255., 255., 255., 255., 255., 0., 140., 255., 255., 38., 0., 0.,
       92., 255., 255., 140., 0., 255., 255., 38., 0., 0., 222., 255.,
       255., 140., 0., 255., 255., 255., 255., 255., 255., 255., 255.,
       0., 7., 255., 255., 255., 255., 255., 255., 255., 255., 140.,
       255., 255., 255., 0., 0., 0., 0., 255., 255., 255., 255., 255.,
       255., 10., 0., 0., 64., 255., 255., 255., 0., 255., 255., 255.,
       255., 255., 255., 255., 255., 0., 0., 0., 255., 255., 255., 255.,
       255., 140., 0., 0., 0., 0., 255., 255., 255., 255., 255., 96., 0.,
       0., 0., 255., 255., 255., 128., 159., 255., 255., 255., 0., 255.,
       255., 255., 0., 0., 0., 0., 255., 255., 96., 255., 255., 255., 0.,
       0., 0., 0., 255., 255., 255., 255., 255., 159., 0., 0., 0., 0.,
       64., 255., 255., 255., 255., 64., 0., 0., 0., 0., 64., 255., 255.,
       255., 255., 255., 0., 0., 0., 0., 255., 255., 255., 255., 255.,
       255., 0., 0., 0., 0., 255., 255., 191., 0., 255., 255., 255., 0.,
       0., 255., 255., 255., 0., 0., 0., 255., 255., 255., 255., 255.,
       255., 0., 0., 0., 0., 13., 255., 255., 255., 255., 140., 0., 0.,
       0., 255., 255., 0., 0., 0., 0., 255., 255., 0., 38., 255., 191.,
       0., 0., 0., 0., 0., 255., 76., 255., 255., 0., 0., 0., 0., 0., 0.,
       255., 255., 255., 255., 0., 0., 0., 0., 0., 0., 255., 255., 237.,
       255., 0., 0., 0., 0., 0., 0., 255., 255., 76., 255., 0., 0., 0.,
       0., 0., 0., 255., 255., 0., 255., 128., 0., 0., 0., 0., 0., 255.,
       38., 0., 0., 255., 0., 0., 0., 0., 255., 229., 0., 0., 0., 0.,
       255., 255., 255., 255., 26., 0., 0., 0., 0., 0., 0., 1., 244.,
       255., 255., 255., 255., 0., 0., 121., 255., 255., 255., 255.,
       255., 255., 255., 0., 128., 96., 0., 0., 0., 0., 255., 255., 255.,
       0., 0., 0., 0., 0., 0., 0., 255., 255., 255., 0., 0., 0., 0., 0.,
       0., 0., 255., 255., 255., 0., 0., 0., 0., 0., 0., 0., 255., 255.,
       255., 0., 0., 0., 0., 0., 0., 0., 255., 255., 255., 0., 0., 0.,
       0., 0., 0., 0., 255., 255., 255., 0., 0., 0., 0., 0., 0., 0.,
       255., 255., 255., 0., 0., 0., 0., 0., 0., 0., 255., 255., 255.,
       0., 0., 19., 255., 255., 255., 255., 19., 0., 0., 0., 229., 255.,
       0., 0., 0., 0., 255., 241., 0., 57., 255., 127., 0., 0., 0., 0.,
       32., 255., 210., 255., 255., 0., 0., 0., 0., 0., 0., 255., 255.,
       255., 255., 0., 0., 0., 0., 0., 0., 174., 255., 255., 255., 0.,
       0., 0., 0., 0., 0., 25., 255., 76., 255., 0., 0., 0., 0., 0., 0.,
       255., 255., 0., 255., 32., 0., 0., 0., 0., 0., 255., 0., 0., 0.,
       255., 0., 0., 0., 0., 255., 241., 0., 0., 0., 0., 255., 255.,
       255., 255., 19., 0., 0., 0., 0., 57., 255., 255., 255., 255.,
       185., 0., 0., 0., 255., 255., 255., 255., 255., 255., 255., 255.,
       0., 0., 255., 255., 255., 0., 0., 255., 255., 255., 178., 255.,
       255., 255., 25., 0., 0., 0., 255., 255., 255., 255., 255., 255.,
       0., 0., 0., 0., 255., 255., 255., 255., 255., 255., 0., 0., 0.,
       0., 255., 255., 255., 255., 255., 255., 0., 0., 0., 25., 255.,
       255., 255., 178., 255., 255., 255., 0., 0., 255., 255., 255., 0.,
       0., 255., 255., 255., 255., 255., 255., 255., 255., 0., 0., 0.,
